TIME:23ms
3.123045E-09
3.123105E-09
3.143183E-09
0
TIME:46ms
3.123045E-09
3.123105E-09
3.143183E-09
0
TIME:69ms
3.123045E-09
3.123105E-09
3.143183E-09
0
TIME:92ms
0.2536808
0.02081971
0.01550582
0
TIME:115ms
0.3446804
0.01682176
0.01150787
0
TIME:138ms
0.3416299
0.01377128
0.008457385
0
TIME:161ms
0.3378712
0.0100126
0.005711864
0
TIME:184ms
0.3346706
0.006811968
0.006616575
0
TIME:207ms
0.3312659
0.02292891
0.007208691
0
TIME:230ms
0.3272048
0.02250649
0.005423926
0
TIME:253ms
0.3245798
0.03445578
0.006468603
0
TIME:276ms
0.3220797
0.0357918
0.003968479
0
TIME:299ms
0.3196225
0.03333467
0.002155851
0
TIME:322ms
0.3171058
0.0308179
0.001959232
0
TIME:345ms
0.3137529
0.1107413
0.02668849
0
TIME:368ms
0.3108413
0.1078296
0.02377681
0
TIME:391ms
0.3455916
0.1053283
0.02127553
0
TIME:414ms
0.3430979
0.1028346
0.01878179
0
TIME:437ms
0.34058
0.1003166
0.01626386
0
TIME:460ms
0.3377198
0.09745651
0.01340372
0
TIME:483ms
0.3334542
0.09319088
0.009138091
0
TIME:506ms
0.3289502
0.08868687
0.004751735
0
TIME:529ms
0.3258277
0.08556443
0.004464482
0
TIME:552ms
0.3237782
0.08351486
0.00410432
0
TIME:575ms
0.3217324
0.0814691
0.003318852
0
TIME:598ms
0.319601
0.07933769
0.003020425
0
TIME:621ms
0.3160544
0.07579108
0.001553737
0
TIME:644ms
0.3146639
0.07440059
0.002305981
0
TIME:667ms
0.3113694
0.07110605
0.002861336
0
TIME:690ms
0.307877
0.06761363
0.01180332
0
TIME:713ms
0.3431261
0.0643578
0.008547489
0
TIME:736ms
0.3410548
0.06228655
0.006476237
0
TIME:759ms
0.3382811
0.05951289
0.003702575
0
TIME:782ms
0.3361894
0.05742119
0.00378042
0
TIME:805ms
0.3342567
0.05548847
0.004865
0
TIME:828ms
0.332106
0.05333776
0.02294968
0
TIME:851ms
0.3308158
0.05204752
0.02165945
0
TIME:874ms
0.328353
0.04958472
0.02115067
0
TIME:897ms
0.3272064
0.04843821
0.02115067
0
TIME:920ms
0.3248984
0.04613015
0.01884261
0
TIME:943ms
0.3207636
0.04199545
0.01470791
0
TIME:966ms
0.3184579
0.0396897
0.01240216
0
TIME:989ms
0.3168387
0.03807046
0.01078292
0
TIME:1012ms
0.3152338
0.03646563
0.009178086
0
TIME:1035ms
0.3138764
0.03510817
0.008355807
0
TIME:1058ms
0.3121019
0.1145984
0.02539682
0
TIME:1081ms
0.3110106
0.1145984
0.02539682
0
TIME:1104ms
0.3096018
0.1131896
0.02398801
0
TIME:1127ms
0.3083523
0.11194
0.02273849
0
TIME:1150ms
0.3301287
0.1092871
0.02008556
0
TIME:1173ms
0.3274038
0.1065622
0.01736068
0
TIME:1196ms
0.3256131
0.1047716
0.01557002
0
TIME:1219ms
0.3237832
0.1029417
0.01374014
0
TIME:1242ms
0.3222072
0.1013657
0.01216412
0
TIME:1265ms
0.3202826
0.09944111
0.01023954
0
TIME:1288ms
0.3191629
0.0983214
0.00911983
0
TIME:1311ms
0.3177791
0.09693759
0.007736023
0
TIME:1334ms
0.3165106
0.09566907
0.006467504
0
TIME:1357ms
0.3139047
0.09306313
0.00386157
0
TIME:1380ms
0.3115355
0.09069394
0.003537397
0
TIME:1403ms
0.3103437
0.08950219
0.003537397
0
TIME:1426ms
0.3090184
0.08817683
0.002212036
0
TIME:1449ms
0.3065317
0.08569018
0.001457598
0
TIME:1472ms
0.3053727
0.08453113
0.001457598
0
TIME:1495ms
0.3020481
0.08120659
0.001569325
0
TIME:1518ms
0.2987341
0.1151228
0.009592532
0
TIME:1541ms
0.3548976
0.1102793
0.004749037
0
TIME:1564ms
0.3514805
0.1068622
0.005248841
0
TIME:1587ms
0.3481227
0.1035043
0.003722055
0
TIME:1610ms
0.344804
0.1001856
0.002933224
0
TIME:1633ms
0.3426771
0.09805874
0.002769082
0
TIME:1656ms
0.3399754
0.09535699
0.01821686
0
TIME:1679ms
0.3378989
0.09328055
0.01849352
0
TIME:1702ms
0.3358057
0.0911874
0.01640036
0
TIME:1725ms
0.3341961
0.08957775
0.01479071
0
TIME:1748ms
0.3328217
0.08820339
0.01341634
0
TIME:1771ms
0.3314927
0.08687437
0.01208733
0
TIME:1794ms
0.3301441
0.08552571
0.01073868
0
TIME:1817ms
0.3287654
0.08414702
0.009359982
0
TIME:1840ms
0.3273965
0.08277807
0.007991029
0
TIME:1863ms
0.3260544
0.08143602
0.006648985
0
TIME:1886ms
0.3237273
0.1234273
0.02269835
0
TIME:1909ms
0.3223974
0.1234273
0.02269835
0
TIME:1932ms
0.3210404
0.1220703
0.02134131
0
TIME:1955ms
0.3196575
0.1206874
0.01995843
0
TIME:1978ms
0.357206
0.1193217
0.01859273
0
TIME:2001ms
0.357206
0.1174169
0.01668793
0
TIME:2024ms
0.3558807
0.1160915
0.01536257
0
TIME:2047ms
0.3544971
0.114708
0.01397903
0
TIME:2070ms
0.3531203
0.1133312
0.0126022
0
TIME:2093ms
0.3517222
0.1119331
0.0112041
0
TIME:2116ms
0.3503659
0.1105768
0.009847832
0
TIME:2139ms
0.3483142
0.1085251
0.0077961
0
TIME:2162ms
0.3469889
0.1071997
0.006991276
0
TIME:2185ms
0.3456328
0.1058437
0.01033131
0
TIME:2208ms
0.3442921
0.104503
0.01033131
0
TIME:2231ms
0.3429562
0.1031671
0.008995463
0
TIME:2254ms
0.34159
0.1018008
0.007629197
0
TIME:2277ms
0.3402287
0.1004396
0.006267969
0
TIME:2300ms
0.3388593
0.09907014
0.004898494
0
TIME:2323ms
0.3375041
0.09771496
0.004145674
0
TIME:2346ms
0.3361647
0.09637561
0.004145674
0
TIME:2369ms
0.3346067
0.09481762
0.002943303
0
TIME:2392ms
0.3334822
0.09369312
0.002943303
0
TIME:2415ms
0.3320579
0.09226878
0.003145064
0
TIME:2438ms
0.3296109
0.08982176
0.003372901
0
TIME:2461ms
0.3285292
0.08874004
0.003372901
0
TIME:2484ms
0.3254119
0.1140179
0.01513804
0
TIME:2507ms
0.3220049
0.1106109
0.01173102
0
TIME:2530ms
0.3317426
0.1072078
0.008327988
0
TIME:2553ms
0.3285982
0.1040634
0.007068157
0
TIME:2576ms
0.3251584
0.1006236
0.005102872
0
TIME:2599ms
0.3231211
0.09858629
0.003093771
0
TIME:2622ms
0.3210874
0.09655255
0.02169804
0
TIME:2645ms
0.3189832
0.09444834
0.01959384
0
TIME:2668ms
0.3171713
0.09263648
0.01923658
0
TIME:2691ms
0.3157856
0.09125081
0.01786563
0
TIME:2714ms
0.3142707
0.08973589
0.01786563
0
TIME:2737ms
0.3127261
0.08819122
0.01696601
0
TIME:2760ms
0.3112511
0.08671623
0.01549102
0
TIME:2783ms
0.3088955
0.08436062
0.01313541
0
TIME:2806ms
0.3073356
0.08280072
0.01157552
0
TIME:2829ms
0.3042974
0.07976248
0.008537276
0
TIME:2852ms
0.3011689
0.1321436
0.01964263
0
TIME:2875ms
0.2989646
0.1299393
0.01743836
0
TIME:2898ms
0.2970682
0.1280429
0.01554196
0
TIME:2921ms
0.345861
0.1262567
0.0137557
0
TIME:2944ms
0.3442148
0.1246105
0.01210952
0
TIME:2967ms
0.3419919
0.1223876
0.009886626
0
TIME:2990ms
0.3397609
0.1201565
0.007872861
0
TIME:3013ms
0.3375209
0.1179166
0.005632912
0
TIME:3036ms
0.3352133
0.1156089
0.004815259
0
TIME:3059ms
0.3329176
0.1133132
0.02009101
0
TIME:3082ms
0.3296445
0.1100402
0.02287465
0
TIME:3105ms
0.3273093
0.1077049
0.0296518
0
TIME:3128ms
0.3244621
0.1048577
0.02848139
0
TIME:3151ms
0.3222044
0.1026
0.02622368
0
TIME:3174ms
0.319827
0.1002226
0.02384627
0
TIME:3197ms
0.3175182
0.09791381
0.02153746
0
TIME:3220ms
0.3159393
0.09633492
0.01995857
0
TIME:3243ms
0.3145076
0.1261893
0.01852687
0
TIME:3266ms
0.3120794
0.1237611
0.01609875
0
TIME:3289ms
0.3109563
0.122638
0.0149756
0
TIME:3312ms
0.3676184
0.1212115
0.01354913
0
TIME:3335ms
0.3651649
0.1187581
0.01109566
0
TIME:3358ms
0.3640873
0.1176804
0.01001801
0
TIME:3381ms
0.3626649
0.116258
0.008595646
0
TIME:3404ms
0.3614183
0.1150115
0.008342539
0
TIME:3427ms
0.3589193
0.1125125
0.01371407
0
TIME:3450ms
0.3555213
0.1091145
0.01857973
0
TIME:3473ms
0.3520185
0.1056117
0.02059332
0
TIME:3496ms
0.3488114
0.1024045
0.01901165
0
TIME:3519ms
0.3465318
0.100125
0.02192808
0
TIME:3542ms
0.3442021
0.09779533
0.01959836
0
TIME:3565ms
0.3418261
0.0954193
0.01722234
0
TIME:3588ms
0.3395641
0.09315726
0.01496029
0
TIME:3611ms
0.3374336
0.09102681
0.01282985
0
TIME:3634ms
0.3360326
0.1208342
0.01809813
0
TIME:3657ms
0.3346436
0.1194452
0.01670906
0
TIME:3680ms
0.3326159
0.1174175
0.0146814
0
TIME:3703ms
0.331208
0.1160096
0.01327348
0
TIME:3726ms
0.3490706
0.1145859
0.01184985
0
TIME:3749